20000,1000
0,10000,950,20000,100,4
0,2500,850,5000,100,0
0,1600,775,50,50,0
0,1850,775,50,50,0
1,1725,775,50,50,0.5,0,1,1,0,1,12
1,1660,775,50,50,0.5,0,1,1,0,1,12
1,1790,775,50,50,0.5,0,1,1,0,1,12
1,2100,775,50,50,0.5,0,1,1,0,1,12
1,2850,775,50,50,0.5,0,1,1,0,1,12
1,2900,775,50,50,0.5,0,1,1,0,1,12
1,3200,775,50,50,0.5,0,1,1,0,1,12
1,3250,775,50,50,0.5,0,1,1,0,1,12
1,3300,775,50,50,0.5,0,1,1,0,1,12
1,2380,775,50,50,0.5,0,1,1,0,1,12
0,4500,775,1000,50,0
1,4150,675,50,50,0.5,1,1,0,0,0,12
1,4200,675,50,50,0.5,1,1,0,0,0,12
1,4250,675,50,50,0.5,1,1,0,0,0,12
1,4300,675,50,50,0.5,1,1,0,0,0,12
1,4350,675,50,50,0.5,1,1,0,0,0,12
1,4400,675,50,50,0.5,1,1,0,0,0,12
1,4450,675,50,50,0.5,1,1,0,0,0,12
1,4500,675,50,50,0.5,1,1,0,0,0,12
1,4550,675,50,50,0.5,1,1,0,0,0,12
1,4600,675,50,50,0.5,1,1,0,0,0,12
1,4650,675,50,50,0.5,1,1,0,0,0,12
1,4700,675,50,50,0.5,1,1,0,0,0,12
1,4750,675,50,50,0.5,1,1,0,0,0,12
1,4800,675,50,50,0.5,1,1,0,0,0,12
0,4500,625,800,50,0
1,4850,675,50,50,0.5,1,1,0,0,0,12
0,5275,725,200,20,0
0,5700,725,200,20,0
0,6125,725,200,20,0
0,6540,665,50,20,10
0,6790,665,50,20,10
0,7040,665,50,20,10
0,7290,665,50,20,10
0,6285,725,50,20,10
