20000,1100
2,25,875,50,50
0,0,2500,950,5000,100
0,0,1600,875,50,50
0,0,1850,875,50,50
1,12,1725,875,50,50,0.5,0,1,1,0,1
1,12,1660,875,50,50,0.5,0,1,1,0,1
1,12,1790,875,50,50,0.5,0,1,1,0,1
1,12,2100,875,50,50,0.5,0,1,1,0,1
1,12,2850,875,50,50,0.5,0,1,1,0,1
1,12,2900,875,50,50,0.5,0,1,1,0,1
1,12,3200,875,50,50,0.5,0,1,1,0,1
1,12,3250,875,50,50,0.5,0,1,1,0,1
1,12,3300,875,50,50,0.5,0,1,1,0,1
1,12,2380,875,50,50,0.5,0,1,1,0,1
0,0,4500,875,1000,50
1,12,4150,775,50,50,0.5,1,1,0,0,0
1,12,4200,775,50,50,0.5,1,1,0,0,0
1,12,4250,775,50,50,0.5,1,1,0,0,0
1,12,4300,775,50,50,0.5,1,1,0,0,0
1,12,4350,775,50,50,0.5,1,1,0,0,0
1,12,4400,775,50,50,0.5,1,1,0,0,0
1,12,4450,775,50,50,0.5,1,1,0,0,0
1,12,4500,775,50,50,0.5,1,1,0,0,0
1,12,4550,775,50,50,0.5,1,1,0,0,0
1,12,4600,775,50,50,0.5,1,1,0,0,0
1,12,4650,775,50,50,0.5,1,1,0,0,0
1,12,4700,775,50,50,0.5,1,1,0,0,0
1,12,4750,775,50,50,0.5,1,1,0,0,0
1,12,4800,775,50,50,0.5,1,1,0,0,0
0,0,4500,725,800,50
1,12,4850,775,50,50,0.5,1,1,0,0,0
0,0,5275,825,200,20
0,0,5700,825,200,20
0,0,6125,825,200,20
0,10,6540,765,50,20
0,10,6790,765,50,20
0,10,7040,765,50,20
0,10,7290,765,50,20
0,10,6285,825,50,20
0,0,7575,850,250,300
0,0,7725,860,50,280
0,0,8150,250,1400,300
0,0,8875,240,50,280
0,0,9150,250,500,300
0,24,8875,390,50,20
0,24,7725,710,50,20
0,24,7725,710,50,20
0,24,7725,710,50,20
0,24,7725,710,50,20
0,24,7725,710,50,20
0,24,7725,710,50,20
0,24,7725,710,50,20
0,24,7725,710,50,20
0,0,8575,850,1650,300
0,0,8575,850,1650,300
1,12,8075,675,50,50,0.5,0,1,1,0,1
1,12,8125,675,50,50,0.5,0,1,1,0,1
1,12,8175,675,50,50,0.5,0,1,1,0,1
1,12,8225,675,50,50,0.5,0,1,1,0,1
1,12,8275,675,50,50,0.5,0,1,1,0,1
1,12,8325,675,50,50,0.5,0,1,1,0,1
1,12,8375,675,50,50,0.5,0,1,1,0,1
1,12,8425,675,50,50,0.5,0,1,1,0,1
1,12,8475,675,50,50,0.5,0,1,1,0,1
1,12,8525,675,50,50,0.5,0,1,1,0,1
1,12,8575,675,50,50,0.5,0,1,1,0,1
1,12,8625,675,50,50,0.5,0,1,1,0,1
1,12,8675,675,50,50,0.5,0,1,1,0,1
1,12,8725,675,50,50,0.5,0,1,1,0,1
1,12,8775,675,50,50,0.5,0,1,1,0,1
1,12,8825,675,50,50,0.5,0,1,1,0,1
1,12,8875,675,50,50,0.5,0,1,1,0,1
1,12,8925,675,50,50,0.5,0,1,1,0,1
1,12,8025,675,50,50,0.5,0,1,1,0,1
1,12,7975,675,50,50,0.5,0,1,1,0,1
1,12,7925,675,50,50,0.5,0,1,1,0,1
1,12,7875,675,50,50,0.5,0,1,1,0,1
1,12,7825,675,50,50,0.5,0,1,1,0,1
1,12,7825,675,50,50,0.5,0,1,1,0,1
1,12,8975,425,50,50,0.5,1,1,0,0,0
1,12,9025,425,50,50,0.5,1,1,0,0,0
1,12,9075,425,50,50,0.5,1,1,0,0,0
1,12,9125,425,50,50,0.5,1,1,0,0,0
1,12,9175,425,50,50,0.5,1,1,0,0,0
1,12,9225,425,50,50,0.5,1,1,0,0,0
1,12,9275,425,50,50,0.5,1,1,0,0,0
1,12,9325,425,50,50,0.5,1,1,0,0,0
1,12,9375,425,50,50,0.5,1,1,0,0,0
1,12,7475,425,50,50,0.5,1,1,0,0,0
1,12,7525,425,50,50,0.5,1,1,0,0,0
1,12,7575,425,50,50,0.5,1,1,0,0,0
1,12,7625,425,50,50,0.5,1,1,0,0,0
1,12,7675,425,50,50,0.5,1,1,0,0,0
1,12,7725,425,50,50,0.5,1,1,0,0,0
1,12,7775,425,50,50,0.5,1,1,0,0,0
1,12,7775,425,50,50,0.5,1,1,0,0,0
1,12,7775,425,50,50,0.5,1,1,0,0,0
0,0,10800,115,600,30
0,0,11225,135,250,70
0,0,11475,155,250,110
0,0,11725,175,250,150
0,0,11975,200,250,200
0,0,12450,200,250,200
0,24,12600,290,50,20
0,0,12600,190,50,180
0,24,9650,780,50,20
0,24,9865,340,50,20
0,24,10080,780,50,20
0,24,10295,340,50,20
0,24,10510,780,50,20
0,24,10510,780,50,20
0,4,9995,1050,19990,100
0,4,9995,50,19990,100
0,4,9995,50,19990,100
0,4,9995,50,19990,100
0,4,9995,50,19990,100
0,0,14200,875,50,50
0,0,14700,875,50,50
0,0,14700,825,50,50
0,0,13375,950,2700,100
0,0,14850,875,50,50
0,0,15100,825,50,50
0,0,15250,875,50,50
0,0,15480,825,50,50
0,0,15710,775,50,50
0,0,15895,675,50,50
0,0,16080,575,50,50
0,0,16265,475,50,50
0,0,16450,375,50,50
