8000,800
0,219,484,50,50,0
1,563,426,50,50,0.487,0.187,0.162,0.625,0.25,0.25,0
1,563,426,50,50,0.487,0.187,0.162,0.625,0.25,0.25,0
1,563,426,50,50,0.487,0.187,0.162,0.625,0.25,0.25,0
1,563,426,50,50,0.487,0.187,0.162,0.625,0.25,0.25,0
1,563,426,50,50,0.487,0.187,0.162,0.625,0.25,0.25,0
1,563,426,50,50,0.487,0.187,0.162,0.625,0.25,0.25,0
1,563,426,50,50,0.487,0.187,0.162,0.625,0.25,0.25,0
1,563,426,50,50,0.487,0.187,0.162,0.625,0.25,0.25,0
1,563,426,50,50,0.487,0.187,0.162,0.625,0.25,0.25,0
1,563,426,50,50,0.487,0.187,0.162,0.625,0.25,0.25,0
1,563,426,50,50,0.487,0.187,0.162,0.625,0.25,0.25,0
1,563,426,50,50,0.487,0.187,0.162,0.625,0.25,0.25,0
1,563,426,50,50,0.487,0.187,0.162,0.625,0.25,0.25,0
1,563,426,50,50,0.487,0.187,0.162,0.625,0.25,0.25,0
1,563,426,50,50,0.487,0.187,0.162,0.625,0.25,0.25,0
1,563,426,50,50,0.487,0.187,0.162,0.625,0.25,0.25,0
1,563,426,50,50,0.487,0.187,0.162,0.625,0.25,0.25,0
